$ANSIBLE_VAULT;1.1;AES256
63353135643133376564326539383931383761663039613064656430383535656536396639313562
3239656531363135383336326137363837326332303166320a396561306434633631333732616634
61393939316565663234323865653365306235396438376665643965623134633833616539613861
3661333861326238320a373966343736313164613737663162363934656432616630366364663562
38393434313538623131363538363332366639363034613766636332346565323036623033343830
61343834646536393935376333313031356663323534333234383961396235633732633934346137
61343735333662376330363734663361373833306361623465666433333330343066333735383135
34633731316334376535633331623232336631636361386339326331323231616435316231623132
30616562616539326564373264613230353934366232376639663430376361643031623566653564
35323733653239313435323239333939383132663465636366663961663862623137323235313031
31366463666538636263643735313830626165313538613035646430383032333463663737376638
38666164386536366663376462626361636466326531616333386234306337363238356661393438
35663431336364653137613237343235323937656536653761333365626364356635316434346331
34303232663732666131353065626432653061616430323135643034623138393530326438643230
64663639366531613235396162333363663235643533323638356437376435336231343236353261
63386333396230636233306635656232303730363930303734306561653032396164313864653261
62653834386533336134643863326634613331626130666264643261643231646336326235643539
36383537316637363465333266613233316463353566353231633034316265663937306663303632
35333734333538323036303138333866323539646165363463313337313935373234366536616434
31383530306639636434336162353538373639643330383339366465353863326230343833336163
38306235396437313034663931383830316431643863376531363537316137643632386164366437
66353733656336633237633331646466323933373330363237393462386664393036653166626661
39373139343164336338633639303030393834383863633865643461316231333165336662393130
36313663306262303435333262623364386238393034623939396534376634623336383162303761
65373764323866643761376665333037323435363035366236653832623261613837643137643331
37343736343233333664646631643831396261636639636661303034626137323661616339353635
30393038386364393936323034383537376230626435386362646263646633393139663937643133
61373863346238396361633433383937373836306665333038336435346636336163373437373732
30316264663334623739383366633862666536336537306430386530666538373863396135356666
34626133383937313238333166306434326531663534643563343862646332323635363663626131
37663737306133623031613531333235626138323261666634633335386431653638323063386635
31303331336564316261663638383237346539353634313931353863393237666335356264323563
35393363366161386337346639386265323536633431646230393637333837336431666533616438
65666466373731386566313639633935626661373537356232323531653661356137643335326164
38373631343863303831343734303732303934666530393436613630633764393032336563303661
66336531303937303639616538343462363239633163366266363739336232333934313839353337
39333062613865353366333666666432326266393564333138386539653639636665343931333038
39383939626331333332316130353133316531303631396633643138636136353736393036323937
33353362383562313866353866303839393635363932643332353233623931633536623739366532
66653238663863636437613537623738313164373064326630373434636539346165306264336564
33336163353065613764336535303165373838656637306137393232646137626237303030353266
61613938383531663436373966393135323338626433353137396437396334613735376363636564
313933653333626531353561343561643133
