$ANSIBLE_VAULT;1.1;AES256
32623764346130663735363537303535623330613763623635663265343663333264656237313135
6662383732613762653164313961386462343664326562330a326166326431613430356634393164
64666263313133363261353364323064663565303031363032373930343363313163376166373164
3633633836626163300a383261616431396265346130663537333837336532623932613861633562
30333530613839393536623135376631323937393466643330653234356633646161373361326339
64623336656338343336633637373564633964316537663430386537393836386333383433376131
30626130386535613834306366346136313039303065613962336333616235343864376164303962
38333033356534633564303233303734303361653565333636653135643034343539326433666331
66306163653562633733613933616566306163353830333065363065303531363466643964626164
66663965356166343163326632373632333165313362326236663861613838623338313634653136
65323661623262383138376161306636666130386663373361633338323436363631623236323861
32306662396331343132313864633562383632636661376334353966313436376632306235636339
62306538623831636263396464303862393266343461636162346362326638366130313331396466
36356538646665633039666463643538653831376533336462303661666535353163373338383637
63333965636564343464616236336561623566376361333631306361306464616237663634396165
39376135333030666238623137653933393235666238643638636562616637623339386433346465
64633165663333356365613734616137306632393336393166643635306266383163616334656662
37626466666537316634383230656433666530313131663831333933633562363439336335383865
37373731343463336533613866333933363934653239363237393166643535643732316162366637
37663865306430303665336333316231393161383966353637633932363337343763656239623934
37363639663865396364396264656362333335323130373234393639353633383133316638363135
66386636643564663731373264326262376133396232613435363661353962333963663264356162
37323364343666366238646563323934393933663438313737633035326434383230653432353031
30303432393163333235623966616336343766393132343938316262383565323565323566316363
3139
