$ANSIBLE_VAULT;1.1;AES256
61643933363732646165653633663236633764613931343832303662316237616432303664386137
3739656137343661316664336264616339643837326631660a643630643765363133663663623130
39323065303163353531313138623338613533643565646439656362656632333731636562303932
6561643433326436350a323230376562346138663461393633353439343635343161376163633030
36323038333666383938383731386439356162326633613835356437306234383862663266613132
35363430346436626465393162323634663861393833646434336233623461616463643263393062
64356339323438353938373737613030326438383538636164613666316138663233623565353135
39383134653766363763623835336537656238626137376436646132333835666566616163326262
64623339356661396362633235663433386630623136616637303965663031653263336333333263
32633566323335353732393735363565303033386164613065633130656162643730306139376262
33623739396261306335373363613333646232643438373938663436313636393463383838316562
31363030333233373461646364613830353432666639623934373430333934393633643138363861
30353233373438626431363233313965346665383939393034636266656431383936306235383664
31623332333239366239666339393132653239653134343734323132663933643434633337343963
36383762646539313933313366366330383461336466646266623234633661623066356464393663
31393536396437663765326234613637333939326461663032383834646232666437316465386136
64623036343561366132636663346437656366623238613766643834343930333966376236396631
34663131303338343537616437323361653531626330666633346663376262396465666261326435
65386637633733373664326432643866623232613865326265613961303563656637373162393338
30353365376665373433396438346565623430663231356636636139363633646334643166616532
63636365323466653663636265303431366361323261343139623830353631323532643762616535
32333430393634613035356531386664613463346432323361636437613964616134633762303839
32666564393433353965343939343736326163313736646332356638396634386664343561633534
64646136313464393233646630373738373665613430343866633239396364306630393462303162
6564
