$ANSIBLE_VAULT;1.1;AES256
32353336353963393131613535383665313164386662353638313732353063643962373762376131
3565343832326266383462373736303765343730383461340a616561356133653862623463636536
35646238363038623432396563616134386238636465646165626364333462656530373361366537
6633636361613661380a393534323831343930336464653134613964626531316135333031653333
38316565636439373036613230303934646630663032383535653461323937356431303937323138
65356631386337323131336535346261343765613064666139653838323564613737386637343639
64376563316336666463643333376138653834336237613832626331373330303335323437393861
38626434343932313831623261306636313939336638393836353734643036613763393131383336
31333135303766306430383531653865343037343834356664343838386562633566343239343132
61626332333737623065643766656631353062666631376463303166613039626263616539653363
34303138366233396530643033323536386166303437643362323466393637613932396231366537
66356162623135313333623562346132643365326534646139356562323764336239616464646131
34373365373732366237343639303238666636393036393066643836363766356637666431363363
61386363663862343735643065363166366632303735356536386138656265373534643664326135
34356565393832343566306138336138333561656539373038323034393436356334623265353531
36336664386165666363316263346238373566653430616363326163663036626463343338356265
38393066646564366136633337656263373662636333386131653164326661663762303338613437
34333235346135636633306265303766666539613262643133323665643231386635303931303038
35353339303665623364303430383362366135336163363332333961323337333862393765613437
37393039383330306438626264313631353565383666613039393538383765656637656566346430
34626161663634356531623638333331656237366233333930626464376361636234393164616634
35353063333061326534316437356365666262663534643039376330316366316566336132383031
66303966303866643865383839366539363335303364396661643030376532343236343962383065
33323330666331656463633939633635653761353565636562373163633134313531626232613936
66633534656465363533633830353134316165356464393362323565623638313662
