$ANSIBLE_VAULT;1.1;AES256
62396236353135616263393934386138626361636437356437383431383139336335653837366631
3735356338653530393031313337643030393537343633380a396336366638373663646631643233
36373433363263326263303034323964633565383163346663623764306662393838303664636235
6233666330616334620a353463656338616563346264653239313563616464656230663732333439
37323063653065346130653731333466656661616638323966363033336237383137313832333961
39623866316137626465363462393961333733313862323534336630316266353462396633316234
33663064316438343437363665346130636333633533346333633434383235613637383165386662
65376533383232303039316134313432623361663733366439646532393964363831666364646236
32643465633338343461626639356462393765383539373632613161633364373732633564386632
63383831383631333434643130666633333731343630633932333433306264316332343766613632
32333533633933613365313238646139353131343232616436636164616236656631333962643536
61623535333731323133373734396537333563323030346536613630386239353862363338326630
65353864306434353462353333316338616362363463373433626535323034616137396138333736
32643864656564333564663633616136633336373730316130323361363433393535313037666637
32316266663234326534396331326431336434653366616661373732323434386662626137343032
34323632383865623137376538363561306535613231386563356538336463663562353561356363
39383661346462653862636438366662663134376265653432396433343764623235653561643661
31646331663239633064333534653362643563663465633462363764656466636166626330653138
36363866396462633136383032666461336665356366663063383766333437626135326164396335
65613662323764613639623762303236623633313930353062343361656431643563613265386161
61336365613861633333353234353736626534656632313732393839356363616163373735636336
30396337623635663830396431656362656331316537356662313434653662323039393561336165
35393661656532386530353966393263636433306561333836316666313637303438386435383832
63633838653734633063623137393835363635353737643061623261396465353832316264623364
35323433373364666264376664366363373135316633336339633664326639316231366137623539
35383161656638366665613231383036386530356534653839333635353939383737333237343030
62366466623535396638366132636439383562343938323462306132323465376535353166356463
34633738313763653239303464346537613365303335393334363061346664393432663330663462
62626166303265383564383236376133643236613963303939303166333537643261626563663936
66343933316236306536343530313838666230623239333561366663613032633662323364333561
35643537323933303035616435396430313863303361613136656533643861623438323333626638
61323162303039326135663238356462383363326131346538383630343832336334623962336233
31316234333261343933633735653836663034623431366662383133663335303630636239633136
64613166316630353033623333323464336135343065666536376363643832613964376662316561
36376265333261653238663363346236643230626534373034653065303737316330353535663636
38643765316563386632356166343039613261623238346230393561363435336537393139336566
61393338383434623835336231663263346333626664393864393233383234663064353665363463
38373430623435363036663733656132376632343963346231626635366165343631613136643132
65313931633434316432373438336539643831326330633638623433666565653133366539353439
34616465373936313431373961383333656637656663363536386562363263353337666634666336
35386135363133366535623739666564636563663738303862663664653765333932656262306138
33333635353732663135656134343231373132653032336437626261666463653533393764363231
356462376639633933616662303464656363
