$ANSIBLE_VAULT;1.1;AES256
66316565666532313565666232623037386564326139323666303265636433646138333263613565
6530393336613230313630646335663564666262646538350a333664376531613736303934393364
38393961653439393362326662326466306532323934613362656430363232316663643164643530
3935353039323931390a663262373531353438313335396233383637353732353566613537393462
63643532653432663138333063386132336362373439353136626230383362383437623335663064
66646332656266336365356336333233613830333137303633326234623830633937623763626361
37356465383662363263343230376237666665626263656561663632626534656131633939323636
32633030346264653566366230323132616562636361393965333161633765653763386362636162
66656239646663653333336465336338386437666664343833643864356263383265336532633035
39613261333735366430313762303662333462323466316433383937376531353332323130666138
63353339386439376631383161363230343539633961626436306665393734376564313562353235
64356135316666333665363630356537393134373763316137633731666363366335613432623331
33386131383330303236666230663963386465373463303463646633626137386537633264343465
36666334653831343961613530656539373737643738303763636638333062353162353663386331
35633331393234343033343837333134363361383134363331636462386662636630346632333331
31336336626134666334313434366630373634323735373564623165393136333539353437353265
38366134333734383432363735633433393732393433313963643333303061666236316233323763
31313539326462313261313632333036633964663032353537346163343466393933306233623462
37643262313839323666386564303738656134353931343033386166306237663362633636653866
64356230393134336163323465346634666464356235323037653162353766663632353239656234
65306262303666633835303466363566383666626463633538316161626538363232343730646661
30376663653836333665306165353830633362366634396237363366323865633566343261313132
35646131616263353265353830643563376133303635326339323162623633636537343062626138
61616435306236623666363934616361373161383666333939353736323834613035666432623035
62363634336337353631373732363038366664326465633831626338366136613534
