$ANSIBLE_VAULT;1.1;AES256
35353233633236316433373561366363363639326136363965366564313039373463366431376361
3235386538336333376538393237653764313735323034320a363366623661326433383333323866
34616466323531636261613133336333376461333532346465386263663761373437353230376539
3064336336666563630a363863636465306235303537313565323733633430626662373662353932
37613265633032633134363166313162383932656264653232316131313231323034303232636265
37666338393861643233386136646164363637373836383262636163306566336161383435333639
33386261616534623530383562386139326634353963353963323338383866333035643439613237
36633064633664613064383032663730383531323163353664633636373839623164626432306165
30633238363936663235643934623334306235393361333763353036623563373930336665356339
37383639373431643662396238343862626537373265623462303731663437643064653464346530
61353139636439316536303031343839366431363838303036376339346139346538663235626538
30313466636336373339313464613138376536393930643861333562316333666130653164346437
33363462353132323630656232643637346335623136643131623332303138626262396536623566
30313237663238353833653664323165353461353039336639633162363064316661643863613238
36663638636562356332313263366336343034356234656464313466303664623462616666336639
30646363353539366333316363363235336134633834313466613436353831383630326262653062
35613930363531356365383330646561333334653332653339373738653431626233656466313535
30666239366537633861386365333864343062636133306663373537313338386665653033346561
38396665336438623066636231383962303137373934343330346366353463613930336264393637
63366235396336613965363766633534343937383030393763343339663062396666323565636561
61643565343034636532613139333763663338643837343439383430343438383661336131383666
35633735353065393361326263393963353337626434363763656166336462353935333331653230
38656436643837343330356432343865623434323162386462396437383539356336326332323538
33633033303838643734343662373330653639373564343331636563633334303965356530643535
61323761613532353030343333663265343066613037353933666562303063306234
