$ANSIBLE_VAULT;1.1;AES256
63346333323833363765306663333562643165386630393337313932323464303862376664356530
3330643337623939666333623232363333323539613432620a316435313364636537653061643464
64303131363737633362653563333233663438333864626234326562613930303034393362303265
3333366131303439330a323665383038653230613461633962303863646138376536303765396137
30643532656239636635356137626438666134373230323335366236316630333338346333386336
66363362636438613462346161616439393839383839626264383436613837336239306630346463
35623136363563643664646434636435613265373532303866363536666535383536393665616231
35623035333732313066316432383135663130643238346533633338313061303162383065326539
33643430666532333534346664336161383738343230393331353563663132356335626139383365
31666566346163666237376633393835313863663635633733393066666461353936643634336662
31393361666461316631656437366337383561343536633531643365313064316364323930346336
39623738303861306431666434396362383764346136633766383638363731613532626133393961
30656131376261336234353230306465616332333736366637363736366361343430636139643931
39356265636461616630646637306265653937356262626538396361653365636631323763373139
63636439353337383163363237653861626661633766366139633235343232666663616336376365
34643262663739346337343236383965353138643630656232386235663665303662316334613966
31643631323531666634646563393332633737633464636635376237316261613564373964373632
38646264633261636366656631383939643766383136653433383364373236653038633439313265
36366566666264333837333836306462653337363731613136323462636637633363613137653030
63313532323235613532373662646137613538653831316238346330636162356136396363376232
39343235653038396438653563393065383330656262353131363633366261376135653061306338
66646233646661323539666539626161626164323930623133356430653761636461333039336366
38333930386135336237363337613066326339393561626538363430316431623838653431336435
38326236636264643530393834306465643732313338346237643138336134363235396364343966
31313037333835666463396531303565393466353630643630336462656137633132633962633463
38616339333965326631386535303962373233333963336337356536326362343136633731343361
64303664666532393135323433306634373762376139623838656432346630653264633462633830
37636566336161363130333630653163383734643234396665623336303664313662623664326439
66633835643066353430323464663930383635613637303561666233643237353964316332663564
30393539376432393361633233656534646666623337653339386339346362653465643832393334
38666165343138656235366432313237643930323938393764376365303531623832336335356366
65613236343161323330336230666633613837386465326335323463333739363833613238633432
31336632663330613935373735333636623335363630376532356264613039666237623066346265
33633533626163643936646531646361393866303165396233393663383734316633343335396430
65323536343630303865313633653439363065633239613161366435366366316233303362386431
31383433313863373432376262623562346330393865363733626166666166613439316339663938
32343262386565613439323065393861373636323736333735386534373633323436386566663238
6663633133353435666363343736373362353262633932316366
