$ANSIBLE_VAULT;1.1;AES256
35643837646137356539616539393631623136303630303636656334323734353234643064333838
3665326533636166376330383336316131616666373635320a343861303463313133666462326363
35636236356431646136326534343735363633666165663638623237616334653333393334313834
6130346532313465310a316130616633636236363335643466656531303130636430323932336236
33623337663039313863363332306365346632633739663033633131353933613065376339643037
63323739636461633264373063376339343239343939353934326263633436383063383432393362
30343663666362393137306636653637633333633835623062303933326334303935333366646139
64333366626530623965376431366361303838393865316231376161323363386365343062616262
65366562353633626564343662363765373137363830653562353366376265633337653534363362
35663734343635346439353363353331383139356361366234363136663362386638306432376530
65373664313838313237646264393838323231636265336538366364326165363638386131666462
63643565303031633834303864363535383838383865333234616539643634666631633761363234
61366364323136333334643234316639363931313065316234343736386437623231313336376131
38663662623435393333313636376134303562633435643234366263373333313838363966636330
30323237336662383661626139303939653736376432393133393461346561303134343736636537
34653736636430663639623330323230333435643731343362623431316437616137366466613761
36646332346232393234633133386366396232383530303534663439323862653638353937396134
63633866616335316261646234653238383034636162643463376537616330623039316161313061
62396536366163376235353935363136336138633663653036663736306463356433613535333536
62333034353939396437386163633765353364353864623535663333333535346262623531646665
31636365386434366661363939353165323035623238616137636663653236656265393933346432
39373931383935363165346632363062613064396136626664363038663737663065626163663532
66666537666630613838343063383032636134336535663631346232643064316135633964316566
37613136363932616137
