$ANSIBLE_VAULT;1.1;AES256
37623562353630653062356437316134316535666538353566303738333362636431303166303235
3462623934363861316432386232666666616233626231340a363135343464366436653262643662
39666633653539343963663838356335633032626339373963343230343362343437396534303664
3830323436363533660a323936616630306236656639313664306234396434366138393664633934
37326433656339373034303735346161306432613333663930353632613333336138313062363938
30623562353163633134363031663162303438626434623039303433663438336363343730356161
65306639386631646165653336383063386561623838383363326361616563373661653435343366
62313736623334343761343339333238373232326237306535656266613566393735353361613537
63326661383566663536343365633233336436323033323162313663313461343966363965393730
37666237653537666161393261613264343138643765336235636334363935633633363561336232
66393765303462313438636163646535316164353034373130386233303063663266326430313939
63343335386566633631356237643462316337303233656237343637653130653436653463363664
32616364623537653065303536323438643562303563653435643231346337653061393164386365
64343730343639393766636130383536613537613738663430653132653436626239353164316561
39313530343337306339616238353538643761323762663935363865616139313330313534333863
33383962316262316461383038383539646266366562636563623230333733353437303366393238
65363236393931383163313565663632326635633666343533346564303465346436366334363136
61363336343830363061303031346135363537343738383534666665613463633839333438306136
65313430323931643564663532363335346336386462626537666139303464313765656533356665
37643861376533613862396330653636373964303461333236356136356131363633636236363261
37313531316661373839336166646262343462653231666130373839346461633037306130393463
61666330373738333938396666323663313436343035613739373338346664373734343539333965
39393038323630313834326463323530386165376239363436666664666335303531616565373937
34653461626466386466616132663030653330663830313463336265366239613438396561313430
34366461656337636536646232353334393936663661303934306435656161346433363966306335
37623931626139343630373966323335336562633864373533326133313261316634346562616262
63623434346364393632306461386666656535386538663537353236316133333232633666323037
62316130636564353131633831623536616166346261376566626465313064366632313235613238
36386362333135356130316331616235316439633662346565366538326365643234666534653439
62336333623761343239656533393637303339663932653663333935336436666433663264623261
39613064633839643066653636386132396431383233643838353639333036336464653361333435
31323534313539623733383665353136313132643030373239326164366438306537393634346464
36343135386530396262656639623564323038323861326664363038663265633365333666306235
35623732303464633530666362393730613334396166353261313035646437663565636433393064
36383638333635353661396233636339316232396530666233336438666663366633393465613331
65326265643063393934393339313033616162376232653537316461646330663832656463656539
31313665383536353234376636366365626261616531316135393338333161623765633166343766
33396435336231383130643264323864653535353237396539663234616333343332376638326365
39353339623735666533363063313563623462323535666662353630633430343732333136666536
34623662333465356139323962633466386231393562623937363837373933653334353839303865
38646436383062383232326561323161656233383233396137346236396230383130306430333135
39663830613039616330346666653539616462313065663235333265626638363063376532636261
32333239386237303266333333383265363230613638356531363765663361656366643536383536
65376633643465633331366465656635633966383861316561653664323632653164336161306130
65646239623235353664376537396366323764396462366563633834346630356438623662373231
61663266376636653666313430633064353333393562633634633738383532623236313763666537
61656331353137616465363766646161363866366234346232326131386530616165326234646237
62326665393766356265
