$ANSIBLE_VAULT;1.1;AES256
64666162666532646563353932346664616461656337343030636436666162646337666433326135
3038323436636532333230303366663435336538646463340a623434626566363835613165336138
64343735636635643763303137376334653365376230626236653539623361356665333832336335
3739396638396638310a633039366662356537353765666336643932623134633638313737666461
62383266336432336166613731333334333161636133353939396631356232396463383061313334
39373361623266616530393266353038663637303638616239623431303733373133313330386437
36646234333761636263656433383562386130363163393065656661633839383961336366336633
61366139663365323434356134353337613863666564663430306534396537623534333036376664
34383538643937363131653736633261356437623933386364363139653935356662373461636231
38306336353263363762366132343230643334336439323863323934613230326135636532393932
33333864616265626539336138386336323033366335633434633732653633373137393561643636
62323039636138393036393262383634373739383165636235396165303331356336656635323530
39633131373737613630386238356639633338326439633131313130613236336535396230393037
65326631396163653830353437623934663739626164316137323266613233613037616265643439
38363335393530316137333738373263333337323933376662383433666330613165633161666136
34616133623835633933383634363465666665656461366664633033373231333431396633346563
35353263393263633730323334656239643539333166393037646239356163353031303835633930
66653138373938366536366134323234666131643639373236366238366234386439616336656230
35323739343131653637383537626462343932666639323835656432623334653230386666626164
62386639313765666666353430346531383565373538313635373733613434613964353632363365
32373863613930366662366230336130346365656436656633633630393063643963356438656365
64336464633263636466393530343861666462633134616636343630636331623135343964336664
38393062386236346237623838643237363765313335393435366436613830336330323164313865
61626466623832303564323361326135383832386666386331633931323062663133646537646235
3432
