$ANSIBLE_VAULT;1.1;AES256
34313837323063626336346236346661653564613065623065313564376562626165663730383962
3663353231356537323938323135383037353737306364350a323633646335656236666437376662
62336565653539613734623163653238326232303339343732346632396463313237396337383661
3934383833653533390a366530343765656365636636306630393634313232663437666231386136
64666239303466643236623635643165376337303161316165316133333839366434386534663663
66626136663238383538303331653635376437373739353965393039303039313466373562343164
31366364383063326137383336346466636232333339636166313764336539363033343761326334
38663433343132383563363733383232376436613633346630393762323931333363386262366337
62656466633862613439666161653338313237383362363564396664633734643230393563366332
38636433373136363232643731386162326165646532333365303061376133383031316538616666
61396663383165623163346335626234326663663663366163616333386531323739386163393532
63626636353332336531336439616637613639396630323137313661376463383237643030323133
61366466636464623266356538373532316666666461653961393531373465346535376663613437
63343638633534313066626266333164653333343765663461663831636535666634646465303064
31663566396638336637396431386266356431393730613430653064663531373166373561366461
37666561333664616561303736306666326435373633303037626461363436326634323164313266
38643134366539343331396361346232316461643738356261656461646433633937383139643733
66383766396666303663633363316164323232636265623035613134643762313739326535633530
66356633633539383662363031363636383965653038633837653835313537653834656539376261
34656132376635313834343762363035393661373232613831323235613232323137336565343866
36386264663337636437356461393166623965376461323733323866386362323635363135396265
61353734383238353230363964373234393739373638333761643866326162383635663436633635
35396462366464643638643066303531336231356262656161386436643538346638303434356334
63623666663062346433373362303562353664353834643734666266386337353136633863383161
3763
