$ANSIBLE_VAULT;1.1;AES256
34373263333561646634336538326332383236633134326431656261336533336166376266383565
6433633038316666366664343561613331623661383332330a303865383535626330366665393163
37373532383531343631343134653163633837376538646262396139393634343063373837376361
6533373835656335630a643435666437363361373861366534373164386461393665383665316534
37393866306635666136643265366666663933386231363538656138643565616664633933316562
35636364363661643433316334623234323139633030613732336135643338623431616534376261
37303038343261666461343262383236626161616461653639663936393965343039616464653337
37336464333137386364363136633763373339623136353762396661333331356539343935373434
65666365363133656430666566393737666434326664643233356130333962666461306163326533
65333038633735313032353133336338356533323065373737623739613538383765663063653132
35613362323432303533336234653432653833326665373633663237643633636338303530363037
64656263313632646262353333663330343563323465613636386132306262663762623230633532
35356336333439316133353238623335333466663733396666663035316633373531373136663332
33316137373731383265393263363535616532623031386465353166356235373437376164633731
39316233656532306461373939613431376333333836383638353462396165623462306463303132
30663433373430303563366434383837386239386664396434653135383731323637383331333731
61386463326338663536396364383865663864303533376131386334613735386439613132616135
30626530373264333736616237323864316330616539336138356138616533343662363136386139
34363363333065353935643162323465656131643565313762623331353334623661366133366636
35613639363266323831306633386433306238343366666539373062373038666230343036343039
33653232346663666366383737636136623065363134376261646462353838363139616330613432
62626137303064383066353430653930346462386232646564343764663939646635666661656633
36386430373262363138373133313137653961313963376631616131383936373261393933383736
32663438363965636461613537616565353038343764363763313834336335336330373139343837
37653833353262346164313030343431616332383063343232346233326638386532393237646563
66393537393330366631626261313838666237623939376536656430653365663932383563626133
63613933333262663964393466343364613733373539303837653737333965313938366265343635
38353436633966316261626361353037643461653131626566363132623730313331626437626364
38616330373961353032346539363030383263353732383666633536323134663839343564646161
63623833633333346361373435346564356132356437316166306234353864636135316361306464
38666638366330616533663037323736333837363065313731663362653066663835633965303134
34616464323764653435626230393830326435393334363963383238363863643931653030366533
38303833323962363739343734656139393930636463663333326339613432386164303734636362
36633939336536353063626333363837326631623039383430326535346663356164663730303962
36353932663861313234313665373262343037386532323965306132616637663239353531383162
31633334343165333537613162363535633365326536356262336664363161343466303734386438
33373132376130623433376531316538636339313330366239353539623063356266313932643535
31343137626562323561333138623039666231386530306330356337373064353137636661336262
33376532383334613763623266633431633733383561366635643762343132346533636233353738
63373439363432303839633436326234643730343839386666643763316462303561656439613732
39396466666132386637663633623566616563323131343165386336393431303762366134376465
34663737646336323361643539353064346536313330613230633836343565663637666236313061
37396532373039623930323636366637353936343365303364383962393737303139386563386332
38363834393032613835
