$ANSIBLE_VAULT;1.1;AES256
32326539326136383062356632303235663136343332313461313863383564643438356536306539
6536653564663137333464383264363863656639313464340a623133663939303930303033336337
31303961653161346630376236643166386336396533303165333236333363646637616463633136
6231643139396261620a363162666436373166623131646534373462323763393033346664303737
35613232313365373030303461383061643266363937366639363266336261373265366238303337
35343261353536376532333935653439326637653238613464353030323964643735303034323836
34663536386465313965633530363966343330376162333566313735366664353133636639646662
32306436373066373431346639623636353064643864356365363766323832396361633966373039
35396263383335333764333962353262353130646339656365383236653534396330663762303766
61373463303635313365316535356534653738653561623663376537346161663034666565653237
66353235326462323638303832333264333630323232376564306231393332343032616562623231
34643933663363313532353363333464653330306536666236643564323533633437343933343233
34616266316637323432393533393561316239313762613139346164646462626534626232623233
66393234386631376131663262366237343261353238383432393565323164303865323665643564
31623662666565376237373265383230316630643364643165663336383364386664626534656535
37373963366636393530306464383938353363376333653562346563653130623638343138393835
31346266393536353363653464306135363030393065333632643966623831323266373431363539
35626363396235343537323664313434326533366234316537616566326436623939313064333333
33393165316431353639666132656534343332626136376264383438393965653132653362343636
34616136333166616338643465353431303037386361666335663063653734626361623563663661
63616165386432623463323838313863323731303532386333343462313865343739383935326461
65623931323562346231303665663866376439656633623330313861303966386263383731643364
36373034356534336630346538356131343032323739643732336439666433613735323135653439
62376364383136356361303235626430643837636338393761383261383565636134393365396337
35326265333338313563613161623764623634373230386165353139393535326630386562363139
65323937626362333266626361653637346430356163383532336333393838663862343366376139
62373732663762333163396338313863323765326131313333393064376633306364313636356430
62363563333834613137386638396238376561316264303461316339613063336130393166353165
63333634636139393030313764333861303962616330386132356363396638343663343333346565
66663534393564636439616165346463366136306163373461646339333630376661373332376539
34333738623138326164656665653936626561303966653530393863633561653433613137303661
36373230666165616239326539613765386666613334613936366461326630363866373831313332
37326437386266393435623031356365346132663162316232356363303132346562303166326335
33616534386339353030323236373065306563323234313430313264663939333833653834636565
35643939623437323433653435316432646265316433363333393733663839616564663031373263
30343432396232323736333264373939613239636266383530663230356635333036323035663838
35313535363730623137636365663136636234633161656637356637316263333331323935346538
38643933643832633539633039386635386533363735363837393939656166613833663431353034
34666463633163376561633237356536376333376564616437626364346437623164333533346634
62616237636434663965636230373537323963653837326138333430303534626630343235313664
61386163353138386238663266386361343436356134373161613664623465316165336161333935
31306662316632303436373834343933633963623362633536396139623764633539633531333732
366438383139346665373734316135323930
