$ANSIBLE_VAULT;1.1;AES256
34386663646537386566316133656639633631343333353530306561623937663735636463666138
3863353765313431363966326530653535376166306432390a643033653436643562393230303139
35323930376338393136366333326362653737616433356133656532376334353834633965653932
3632383132316634330a393665326138386533616439386433613132363535383831383736363863
63393639356637623833353062326464333862343339613235313038393865613536663034646334
64336335366339633936303462393536656661343862386336353834333933363533613031643736
31343535393437366330393231656332303332653864666637663238636333316564313666646665
38666135663635363563653161306630396566343038626135343935656239653365623765396465
34303831383531303163666434346237613162646132343738336532653738653134633762346233
37303263326233346264363164613130316163623834353330343531313837626233353661646563
36353034623665393039326231396431666465396361343461656661626566623934323039613661
37383734366136303066346361313865343461653533353937313233653663646662303037316661
61643434653039653433333565303633316665333830313163396634656636623264393865663634
33346234323836623033353964653830363636636536393732373965383863636263363533656162
30393230386533626662616464666461376665646332353661306637646261643530316235666532
39373937336237303735326161663933313737623439373563666264333262636163393839653563
36323764623363636238656234336434666137666364343965626533336130643065656635373030
66636533633532396337663534326134643730643231623164396334303739666530643461653963
30616538333436363032353731656232636361363666343065366432613330626636626236316364
65646230353938353062353433393261363331633564366235643239376435323536306663323734
66386535613963396331616663333731646430303963313962366639366139393839646636613933
30613662623932666439373365653963653938333261623234343237623334663432613231343933
31393437306232333933383866363837623963363565633038643235366465396332663938306330
39616634656630613130643833623435396661616135656335333366363730306337616535356365
66366134613639663864616636663230363837383462343638376665346461376131356235613263
66316562626162623236623938363566623434396530356565356537653031636532386165656534
34313264323632656431376639636664613766393566393861343236373766653039393431623437
64343666656266313438386131393837333465366634303938333438633633346538396234366633
61383665663766363630313636323534663337353262303837313436653233656562336137366135
33383266363833623230336537633031373639336565643236646662646233383561663764646237
35373534633336636261313864626339353432323261383537363261396664326231306133353062
31336266613931313631663036663836643531363638346363646665346465363037356337353936
31346530313362333634386537326633373161646631663434383034663730366663386337336633
61363034643966326366656561303437363338313232333233363039646231333834623630323937
34363535343963366166643336663830383436656366333263643435636237616236656536383965
35383466303832616431393364666162613138393431623264656163663838633463346338383932
32333666313966323032623235643264666161656137336431643631366462613136346564393934
33383539386235643233313835353261613634343738663236363664636165303036343963626461
37303132663331646164353335353138363337306164316232383464363339346138643364376431
37663536656434306134333036373061336339373762663232336334663961613061373231313761
3266
