$ANSIBLE_VAULT;1.1;AES256
33323430633334326136613566626463643963373264313865366661336365623536636636666133
3835333666346634396261363761303830653933333437350a623131323463363361653566656339
33393630316338633530323034666238363333623566663539303861393261626531653636663931
3235623131643535350a336139646536303138373739663165343866633835616566376537393230
64363362623239633834646361376635383662366536646632643735656534653930623432616662
33363735396238343437343066646666303138336432663533616332633230366266343534306363
65633663623362313538306435343661663236303737383836313466633336323038343264643539
30653963636432323766393663386539383463306163386636396639643863336634636335386463
37366336616233646664383165373638646662373438393939666466353933613564643336626561
34633539646136376632366335653965343236306239323465313333336439653466356634313165
38646364626639306437393936326331303963373064656139336461623762376266623339303234
61313762353765336366353563393430396361643633336338306364383261346637643236613366
38643838326162393331323932323330653166393135306537396536653761353963303130396336
37616531396463356665363732653362373133666330653332623830653266663339366631643265
66356335393932313361393630663630643738376665373230343864383433333939353635373534
37643530306633636138373264313861653063356565363835396537643735663137383636386533
61653930326233303932613132646362326139666665643764623337383930653736613066353138
31393838626431393139386163393831626361333430373865626339386364666638656365316664
34653462653035616134396232373165666139386630383337613137396263666236376364633366
32326534323235376265613637346562356163313737373232303061663266613332313930396361
61306161306137386466663934623266313236643032636133626665356435363237363866653231
65323861633263386634326235393964623031376362633637613762643330613337623139333232
64323830616637613538373936383736646561383463316633636661363062363361623533393966
36353862363361363836303932393462396561623736313635623038353130366366653333376466
34343836303636643666363432306631356531376139653661303133393936376364
