$ANSIBLE_VAULT;1.1;AES256
31613363373138383732333936363234313738663738346661656137626630326532373832656233
3634623434333037323765666665313637623332666539660a373963376430363562626432623735
61336130373265343034643234633835393238663561383661656430313365656532393064343535
6338646639623837320a653334646261663965323933366239363333646534383132373038366264
32373831383532333937343365303136633937613338373736393563313263303137386164626364
38613938393835376630316265356435623432643062346261303136623638313438343731633632
37396164353263346634376266386132656136626565373962646436663637633634313930386134
61636665313534353834303161646230323934313065333732646162333038333564366461343333
34643230356661343738623864653461613838353234323761633130353834363662376330616331
35306238633438663963373337663037333735353733303266376666393731666230383430653930
30383532303665333736373536356137343563313130643332333137663932356330353862376166
65363234663636363564333730383631366433663366333933646136393930316434633064353130
65366336613433383066323733636161653938623361626633353233633032313134326439323539
65633433353066373634383137336338646335313664336362333363333133306439366265613966
31313565653435663065366535323964616534616133346533636435393534356161636538653535
66306134663761653534346131383239366630326364653465636635343365346238343536333432
62393366656664393238363730636630323565656234313662646338326535386464623139326363
31306266636566633031643463303736333030313734393866663961633166323162373764616136
36363130316137643639336435623761643537376630313062623132363361323563383430383132
36646537386461613962333061393264303265353538333431383431343730353232663961653761
34303732636337623731373430646264623537386238386266373230623964633463633863383633
39383132376532313838643031366466363039303131353333356631636362306337643637353336
30326434313931636366613935356439656666383664333232316563366562366662636530353761
34343764636537373936646639363530653262333165623566613761353636356464353630373932
65383631343739616239393066303364623034333233353438373732316530623430
