$ANSIBLE_VAULT;1.1;AES256
63316362613533303466386561646666313335646437663666326635386230396231303766646561
3130323136613233313366613339353331373235323839310a623165356432353933303633323666
64666338666263643934656138646231376135343964386262363137373263323764316239656336
3238396463653634630a346462346633636566313033653462623636363664383630633265626531
37383935313462613731343238326633396530323039636531626632323564393530633835663331
37383333356463633539656637396664623461653865353534326163313035626637353330636564
35333662653037633061306161353039333233663231643734613664313336633666633234653865
36636537646364303561663165373931616663316330393235613965333930303261343464323866
63353032613938653232626539666665383965343038336663353062316333343963316261323066
66393662366132346539353034336661333566636165396338613533303030636335353231356333
35643665636466643663313630396661626235386461623134313332356638363536613531383264
33306335653562376535616262353663623065383461336163363166343237366164303566393839
37366233386363373436353835363165353032336561383336346337643264356163643734363437
61653237616563623037346435326133383264656535633833396565393766356566353030383830
36353230646633313633326561373161383932303963303166333730386136313661316636383234
33366236363161646339376664643631373531646662636630363832666637313861383539623464
38393932383064656530313431366336333565306233646637373064656663303038653038303532
66663166386433363133313738616631373262393433663935353938316232316462353434373061
62373730353334353732353433306135626463623332396239643635633233616433383462653235
61333432326135386331393539393165613234626135303936656536663832353637343461313330
38623830366337303062386462383135323635393835306631376561633463343738653332643134
34633463303165626362353131346239666136616166656462366537643139303930653462353163
31333738633436626265313333333464333261323330376533346233343736633164303262623638
38323239646632313134313863373766326432656534636638353230633837653565313231613334
63353962393163363030333433363138383833393230646661653239346365396665366162633731
39353562393839633638383234633732343931653835643031353161346335376263613863303031
66396334663564346639653334363563623731343331333964393531383164616262326233366637
33363435626663386636323034303038383230343439366536646333336166613935393061313538
62393964356361613230633238386338656538643632666364333139376562613430653264623233
34623535626561636666646239653066633961656265353931653061373634363662376264616566
66353631396362373133363231333230646661336632326665336666313062373932376661366361
63313433343237343061333462666565386465633863386435626562316665646538653966626433
66313961316534616565653333316662626531386538626338393035363735313366396261363531
31303238613466353534633331323536613264313764346466353331366263333639396362613662
32613738363834653166336438656663643863363734643138363230663363656634613237386662
61616264356630386464363136393038636264353761643765343539313134376138373739626132
30346431376639306562376436346563336631323934313834356464663139323632356239626231
66633634653530356537393230373064323933616637613766623866326365363639383137616236
31353331363464643834376661376334656563336634303164326431646265386266333939373230
36326138656161373063626466656331653139633530336232356464353531396636663561653030
37643062663336636434343430333239623864633162393664613965623436396233333132343432
61343734336663663933393631303235393734343536613537666464353137343031373566336562
63373462663464633038346135643534653163353931353964333661323337363061623266306235
64623264633565613839383335633766613661363536323265363136376134393435306236383263
30313564383738333933613933643563396563393062616433666335306638386464336166323733
34653964396663303336346135623036616366663062316563333633313036326331353232306131
31306336636433303766323663303565666534386461303635333663356335386131366432313137
65666166303332653564
