$ANSIBLE_VAULT;1.1;AES256
34343266343165356132643666323336323933656132353664386465303535626434363331663934
6433346532343730643634623638633639326538633266300a396138396436363466383338323163
64623762383636356630303665323863323834386230336530616337396634323834306535313831
6361383032363230660a656237616566623564383936346561613962643435376465643130313438
62663935623830366165386431316532323731643439643139373239383734356338336365316631
66363261656664653831373938376633373263626363613966663364656565356232353130656461
38303564326130383934316635316165663031326334636232366137303539363032323932326638
36653162376664376365623632626136356563393836326238636237316265363566666134663563
39616465653230346564346634306634646262373137346133383962333238646637306334613634
64663935343439353733313735313662363433343533393131303563316366386434373136313066
66643463346434356361346163396263396266636438643131633233383536636531663836326433
63343238393961313834373963626363376565643962396661353634396166643864373039333166
35663838353535306561383366663263386132616432383635663765343465376264623362653466
63363830346336666636353936616533636639623330366661643763333437346534313939343134
38656662616138326463333539636563626565613833333433636239613133613161313239613534
30633339303530303537633530643631386461626561386663626464376263353136656334346162
36646630323462363464393030393764343230386430313266313037353430343730646266396365
65396534356537623664373361366134333663323535383266343232383262633333323834396531
30653564613530636334633764633532663532653730666565363732386434663565633062626337
33303739376237313465346439626337346432356332353863336664616266373661643534376238
61396634383763333262373837366162393535333762613863316234373133373737323639393935
38656132653265336530646339323637353437653935306534333263346437343035396639393735
62633662623039336464353031346635333631346334623661356235363961663634666462646534
33383333393739656334386465356636346563336164326262333134623437313230643337346361
34333663633830353263313934306335353530336335656233633930386437303136356535303533
63346433366130353565656339626231326265386161326461373964343862306361336363636635
62333432333333393035313065373939313938373133303461323832326634656634323565333537
63373837646331656664643630306163366130653936336632333163383533303037386134663566
31636163656534363934326235353733396265633566656531323738333364653565366163643238
63333032346634383332306438333765326538363837306365643564333663363761643265373766
36663939353231613433316365396433303731616330363266336331303836313262356132323161
30653165333631616133653765386264336134653365333463313361356265346533646466366635
64613466343064656361343163363962666437393062633666666639343764626161383737373431
39643564386233396636393235306438643831303531643161326637313236346564303963313762
61353263383735396363636131373631326366643363396631353663636364643462366464393138
61323233623163323431636633653930323036393738373561626163643939646639303237376364
35623039343839636236636633626632626338613462333064353032333438336138346436346435
62343034326634303763353264363736363963626635373737303861396338343832643333623762
62383631353238303161393935613163326563323436613332336332333133333862336364336633
62626461323537373065333630306564333031663034306234376430313335636331613131306562
64313531643037653762333565346237396532653733326466333835656534633238393932306335
33616531366235663463626434333239333564353165366334613764383361643831333536313830
30663864376536356436326334633231323834666565356432616237616639306464313366633039
30316338616663323262366362323236353836613665316135396538616231623461393563326132
65353466313965316461636664646637393564366361333633333262656562346339373639656434
63306133623935316566396530333539343266656237366462396263363233303462623233656665
656462666264376439336338336435633163
