$ANSIBLE_VAULT;1.1;AES256
62393232623737623865396565313565663630626331633333376437626163663333323331353637
3836316636386462356539323038303136356466653031330a616638393163333164346636616335
34346238316632303064343133346262363230646238393632376136323561363331343266366530
6362623938656430310a386431396665613931653630396238313064393334623465363863343835
38643539663465306563633863653766363865643735623739663437333163613134666135353164
64646332663766653435373936636332663733353666363063363630323664656464323936373734
32383864313132646461373934613031303263383166346133363632656166303363393239336165
62393163386135386238643865646130386561313230326331323564613134373131626137383131
36343730666163663165666433353333353936643038343765666435653538376633646263396465
37303737663337393363633566366233666433333664643266326363613335323561376266666235
36353561383236626236343735343033623364356231313162363166313162613839373638633632
64376335306162353834323038316265633633626562386531613563336264646539346537323739
37383538356638303062356162353235626466633934353834663766393831323738303331366335
61396332336164323963613662353966383133346235303930663135306638643064663938343736
63393265353438346164336636646131623332376163636232393038343834623261356665343733
62386235623062613932383430643338336362653363323733616664316133653439613561646633
66623962363462623939626534356239386239333933616662653462613630636362303466623064
63663936613631613633373739373331613038323734353130653764633634663964303466346439
39663530623462353937393761356262373061316437643763393264316537633764323339646365
64326463353432393339636338613136346538653736653234666465333239343234613365626239
32373864373139346338373938623637613564396463653738363032333731373363376464333062
36663939663935623031613832663231616663643365313031353134383739316138353530353730
36626662633366366665623062363864313362353462306230366239383437306539636364636338
32633938373934646563366363353933383831376237356261303437343266633037393037366161
3465
