$ANSIBLE_VAULT;1.1;AES256
38346163393639633662363431633836633037323963643231396666373463326161306561613335
3133313139643731616634396631323863376532303537630a363138366532653332643132326134
61316136643264306566303333633135616634316334373062613965323763343035343332343561
3964323635636331350a636635303634663362323763326537346562613935363334396439333564
37666661663461303636363833353664383963363135316130303632623432363039623636633261
37303666353738613763376262313063366162376163306335363731343734666430663161393934
39386535306532663337303535323661626565656432396138643734386330333665356266386631
36623063646135336636626132366538643637323138303834663864393139363632346663656437
38653332316166383332626531633065323832346262633634636435616334333231393362336665
30323131386362636161326639373533336237306332633933306532383337383634383836383232
61653531613763393962353035323334663837643637383236333836346362616335316466623161
35376536643832623232386466363262643332306536393939353561653932323566363566376433
37626664373534326534313537613738356235383438646330386333636239663036353362386534
38376434623264646565373663396533326434363334383737633934656235313864383532613431
66663339323365653766633063383735373236336432333662633834666338343266646437366131
36373034656331313162643464623131333637643935666466666431383462326262376231396535
64636635356566306538653061643932373537313033316365626263636539656338393265383534
63336438386134333464313230303838393866313465353439373739333632393634336338366664
36353339383936646364666533383032666533636534383563623738616533626461643964636137
32376366333035666637643933626563393239643166386432643661623866636162316236613533
62623866336266646335653931633561633231613163653361376365343034616566626532383031
35376335623033623161643634346331613466623739373239346336633832663636626165306563
37613738643638653633323062643132373437356161366266306666376463333437623137626562
36393362626233393633653735343435333038346135336638303336373431303263613139393436
31383363306233353835313663333363616161306463306264326663316634613835373062313137
38316661393432663034656137386231356166323762336433666666383032333133623934643731
37383937303136336462306532643037636238336165326138663031326538343861653362303338
36393637343935383232616661646532356333363863336462383534303464643861616432343432
63646235393862386637373836373133356231346133393366363136646338646537376637366464
65333265373436636163613531316363306533373038623332346561653936623035333837656462
33303439383432666231396534643830636438313662393233363562303162613838313939383162
61393236373339353234376238326165646664303763366363316239363532316230633638363462
35373062323566356439393562393362353838643338663661366234333432626664363830333734
61666631626437646131363065323164313631323066363332313932326631303838616662333132
33636566386562336562373663383961333131366465326332356365306135303561623164663931
35336334393862343139386164393433326634613362626264343934346138626166653666373564
35623139383038376238613062383431373736656666613565643330336238356334633534383965
38633564363136343237636565393031643537666164383862623739613831376439353135333533
30323234313636346264386135303365316465356235353832353664636532646638623038313237
30613138353865666362353965373138303830616630323562666339316230326663313265323666
38373438396136386466636461653039303763313664333835626535666338393363663537323062
6630616338383130626438346231306237613531346561316131
