$ANSIBLE_VAULT;1.1;AES256
37373533363635393336386565376331336663656165373531313432363833376564306232383566
3261356130626233326163393737326661646630643363630a616236346634373335363430353332
30333865363964363162646639663162356136613739616532633736613232366164383065383430
3731343366396537300a613839633834353434366137646463363962653230316261383535616435
64366131316461356533656562383532396563643431376362636566383233303065663963666633
30303439366361323331353132666631366663313462326332646463316535393330383065646561
38363264613332303962646632306262326133613164343164363764356266663230653830396332
65383735333435623437643937393930313437393732323732346336353636316632386164393337
63666336333432383935613937653733653061636364366232623731613234393261613963316138
65396661313061313761383764323266666631636339386539633832376433663134646334376234
61393734373863393363376532386233363339303134383739363432356335363439303162646132
37663765643663653339313037343933653139303436613239386237626536633631396466363262
39626562313631316334336462313435316130616661633036396631303361663237356366326539
30653030656665353839303064303533383664306234353364383838633133643435653437613362
39623961333266376532353061623135386263383534343031303934306363616635393066356561
61633364376232666264356365323034366566363930653264666536626362376439616433373031
64633136356538363262326132353532653062376661346432613937323336363430613135333566
66343266623037653437643837393038616239353435353934326265653538646338333166373132
38306235346330626635336631323639666166323532346130373036633666383466656436336564
66393533636139653733376133653537613637313331656265656633323538303565366532626262
37626461383438653937616464323566336236393934623838616163313164333836313934646236
63316436333363656161326431623037653966393637383836303639393036653131353061346163
65613630313534343561373439646664333664656666353965303338623065613939623862303331
34663262386563303932616266663030313436333165636534393761336231643734346137656233
3064
