$ANSIBLE_VAULT;1.1;AES256
36623431616562343464363338366464623763653935663733303938313964303038666435623637
6162616235653239343639393931303763323961383564350a653335393536656663666631393264
39376533653137643030613439663164396430613234386562313830366438623031643861613132
6563666261346161610a366230303835613836396438343763643962623135646336326562356366
64623465626633303035623431366338653263613761353337343565396261386561643162353135
65653465663237613230663665313433653962616235633131323864626663346664323139636538
39663633633338613139336163393561323762666337356633636131346232306632366537366531
66643666353639663766363362353663306563646634643566343331393363663038313138343932
31663164316531356232333664323566393364306233323163306432343066626664353166653031
62623139666239343663336161326439303965373836643937383834313364393461333838303938
61383232353636663066633665336462333166636462616364346536353766366537313663303930
39336530373735643963643964396566656633666163333935323938316161353962323965616237
63343732666639633064626163646161356230623964393465666562356563636534323835366137
65306131383838363635643134353331393961663232626166356461653131313132313731613931
39633338376531643438326639613036643330613234366663626632396334303139353162356632
38343762643165346564376463376232616438343261646165313837326634323062646266356339
30323338646133323031313261636466643937343630653732313831646230366430663931653538
37623666616664396135313363373837323431373139653430656137323534353861646637386538
65356632373434666664646637363066636633646438626163393034313636643563623630333931
63643061396134656330663461633864653964643030633862656362656534626130626135393137
62393266326433663461393861363735326263333533323339366463643038306336643531333630
31303632646331663866373334363835306633633433363634373536383264663434336463653761
34393934616633653865353039333764643438373136623466666264323365663436343137396665
31313061356661353530366365636264343737396634366566323362353762636166626466323733
36636432303333343834636165386566306266666236363435303661666133346232636335333832
61656235653466303131653632353635373937666438316136313966343161643961326639303961
63623632663334336261623130346531336366323339383639353933303636653039306537353234
61393637336434346166383061373839346164393535663864623861313336353362356338333661
31316636346335633631633331326434363731643862653064353663656339633833656431306538
63323164353161613933633763383735383839626231326161636366653530343163316261316230
63306233376439643437643861653065623336626639373261613838616435313161393264636334
34373735623230333333306165363034386233373036653532383364613035656361316136346361
63386462333862316361343861653431633965396537623637653437366330643462643062333837
66613930393434663864303236393232353762633563653838666236643761663738326139623239
64386639616230306632623939613566666366656565323739323433356333643166633338353033
35656136343864336239393563623130333665343463366462383831306566663166306633313065
62633062616663613833663665636138303735303962616462643438383763623731653337386432
32363665346164306636386166353434386534666338666465653134653036636364303063363461
33353339393839363530313032323037633035346563303336353466323462323338313134653263
35326538306361653764396561366536383136623439393534313234316165656532613431653465
30626531623864306332306536646432396332303232616561653839633437326162313162336631
6338646537393036626365646565623232363437306662353634
