$ANSIBLE_VAULT;1.1;AES256
37313261666430666139343834643561326339616562646335356266646661396661663630633235
3739663431386536633138646132313261653462383832610a326331643239366135663765386266
34633339623735633265316335396435656238366131323263663864326364656539383166363736
3261313261323337330a326665613061303734393131623362663936636330663466383336386336
35326238363030303739613836393730353632353931636565373965343936363062383066623633
36396230656466393537643161613065356636376236396665656336616538626263343465306631
34313463623430383364363832396239646662313464353261363534663434383762333166313266
63613339616566666535623464376564353234643061386534646234396134303562623939386166
65366462363632663364376166306565353232363832326337653836626636313838316438356630
63316432323936333538643739383464343436633930356465303335616663646533636233633233
35326439326337366634343838356439346666366539653130373262363666363765613735383736
38663564333531323231623239303234663139343938366533333363366662306462653062306539
64663230396538653631646139623835373831306630336163373933343436353631616138656361
39376164343039373531343833663261663065373262386137636164376439333134633266666432
30313335323266666133313564613633316266366366646430346632323138626232393361646631
63653032326431393532626464646431346331623962313638623963353761303036616535623064
61396334393334646132646638383531633363633462303162313136643437656166633565656262
64333036663933646438633835653664363532303863303530336534623665623166373333333331
39643661636433343761663361316232303961643864346662303165303731303636373564313762
30333831633033643863346534326238333465323433633538336236656231343530653364373961
65383661623133373963633932303234366464396561383834326537323136323537373235353235
37353665343537303431653061323039613932396233363930653765353538656339313639336663
62613634363161653062633865376463656537393366633064313237343638363362343763393831
36623764376632656262393432323237653862333130333331663935316638316138396233366236
36336164336630643836393661613963663263623238643261353238386561313661343934646532
36303362353464636664333062636464363030656566656532343963376635306363373966326463
33363633323239366237376338326466643838353533623136373539663033653763626135373238
38623631376438663863386138343763646233346230366237633837336161613432346137386536
38326462646532646135326239626536373962643739336662356137636261356332393764343565
31656163633232326530623166383562623034393734333162393039316565356333633337623361
32386564333632373363313532363062383835336139353064393461393837336637363632386537
30383361636130663437373262303931373065393862313665653638343939323939316132326662
30333432383332386235393066656636623533623766613364663866383662303861353738656361
30613966643661613537623830383265356265303332663963636461333161346466643266373265
34333062653464396337643762616662653663326139366563666166656464366138623335616665
30316365393234316262366637613637653330636536346362303063626437396534633661346661
34353636666333343066353237326561383737633935356139653763626130393836316531366361
35663439653265613561303936326362663932313862656535316337336533393161656136643134
61306333373363653761363337363464383636653464343462316265633830646232303634613864
34346331316630323235363235373035373531626431363966353766396465613633303964356133
61326461633237333536303736316166656236623835643134323338643831396238623232623937
35333263306536313562646635346164386330383534323566366366313066306634366463616663
65376136346135626137663438616564323234373465366164326239383763326663643634323762
62353863663139613631
