$ANSIBLE_VAULT;1.1;AES256
36613136626437343066343966643239383265656564643462356563623131633534663966373866
3035363062383135323131346331653939323066646461310a356661396635306433666566356262
38376535353638666661393937643962396132626566383963306439306335323936633439653737
3239636461643230340a643036363036666631643164373664646461613764336435316337626435
30633764373536333239363934643361373130323263353835623931316438366430336437383630
33326564616135353566623439316165326162663630373030613633633363666464666336323565
63623738393962333863653761303439386631326237666665313538373662653837353230356137
37633132303038373362363630386139313462376431643536326136636638373637396236323732
63393362663836656638373766373462633166643135663163323866626533383833363762353566
31303330366330653933636334313566616665343438343633343034623764303265373966383336
66356338353037663866346538633063333137343966303062653166626661333832643235306266
32373732313537623637326639633337316663363736666563373336616365653537666266393233
62653634653734653435303265373033303039623362326236336634326366353935613635623161
36343836316438333665313937656132646261323763663333343938613065376666626365306632
32386665313236383266383433653465333530303962656165353161656336353834633634323738
37356133396663666234336439303331653262386538613932326533373266313737313662363731
62386464366231666135313963336438363165343961623366363161616137316639663233316331
34363734656437393331656239383836333339383836323365366363646165346233323438313435
37323264313831656261336630383864313938663535366539336164636664353133313662613436
38366437653463633133343637376464663239663135323961306335376134643431323430303830
65643863353465316333356562306231373830363139643231653533643163663339393766393334
39653535396439633265353862393632666231343465313264656234303566613038336631653238
36656533356461663362623038356234623362333063396561323061636636666334326366636337
63333461666232666361
