$ANSIBLE_VAULT;1.1;AES256
64313530303639383237653762343133353462306639336430333639663163373135346137366235
6336323630393961376161323162623061306331356632330a346364633834316537323636373637
37613566653763376431303164396634633833616464626634366163343363376633656531616439
3931636563656661380a663166386335393062336665313965356634343162373562663564623238
66306666303064396432306564613364366430303331633438613866613734373532636134343338
63623831376134313062346364633231383432363638613331303366323133313037633861656433
63663136386436376664386237616339353337623739396233643863376136303232366430373837
63383165333030613532346263633965346130646434396162316166376561356331303135396337
39396238313431633864623638633732373938326661633431343666323937616234626336383664
62303631663233656562646161383439376664353332656339336632363634623434393433653865
30623436646665383061326538653638356637336665376466356466383932383365333464333964
62346163623037613838613061326666646332396637646266663939383564313536333766393866
38626238643063633563366631376538333832383738343962343533343535613036333538653833
35636330666634613235366564363161303936393731363366613235323162323039386363373664
36393263666665316330626635376232633630393163396561326264313131376366346663313964
65663634363331653137376562346237313261363564373064623737353362623064396332353236
31633439393339393462383638656662376562353464623739666561306531643639376435623032
64333766636465646361613666663837653035393264316261626137313833333437626565363333
33616663633364646338376161336233656362363966393032333666613562386565636262383535
61373739636330326565333536383532316538303733323763653462323864373036653463623064
30356362393065316165343635343032336439616664353261653838633037396262316566306663
34376532616465303837383232626638323364656563323961313638663137656139323636616464
31623461616638303432336161383564643333613661343966343261636230623363376235633365
36636465366637353533
