$ANSIBLE_VAULT;1.1;AES256
30616339326538306666396361633639343835323936336137383764316339313764643339646237
6430653337656631373366613532313063383933363565630a383633383565353830633332663636
38663462666334366264626365623464386131333263653332636362653231623139646530636536
3161303939326661620a653636633564323565376134623237363830363866323565363531353963
61383836616237363730373662653937613063323835643935653834393364656635656137316631
33373332663564336562613632356465623037643134636433653839363431653134326636613564
35353864393431323763386563386361313338613635386663353462323335353939303230623065
32346332326138663430633534383439663664353833633931323332653863653165643164633831
33326263646438323935366238653533323433376434623463636263646561383331303562323062
63383663663038346134653235663936386565336566343037353030626534393237373566396539
33633130653539613166623166356434343161346163626533623066653334313533316166326635
30643161613761343334383234353164613464396233613132393265343233313739333464623439
61633131353638323532326466363438303064653739623766346332666637383436346134353732
32316163363931356538306431303963383862353266653932303931393762666234626330356134
37303636623463366435386263613237343064383637303763303532323130636164376632633066
63616333653935393837333434616162613038376638663736616332633837366366363737643161
32366532373533386366633931313433613665313534306662346138653561663466356161303634
34643437616464383762336230653061363732313035613932356563346666616437373732353563
37623431653337363263343236653161373639336666386231623935626638623130383137636437
62636163373432613930623064616430333739376461353563646461613863393563396538323935
65613537323433353365366265336234663434656537383934343462336364663038366333366161
39666237613265393533323964326665616536356532623935303937373135336363396232323034
35386337663461343561613231353365313664363935623333666364383064323963663563316432
38643635346632356165373964373733393931663231346430353330616236376538353362336335
63356538613062303732633365326366353963623933643833656234656330323666353230376661
31636161386136396430373863643632343434323962323739613866653830373538383163393162
39356663313136386239343435653636323732663639663766333337363235623462333762623338
39313465343366373836383131373965316166396435306433303231666164313535636662316164
31326332323461616339323137396561396234303532633731303065353739663364646631353761
30623464633465616432366665313964363834346663306330366635643466376437633265323537
34383165656466663839376537616334653638623239336337663938306263376234343837623362
61303139396134343765643537313364393164323830663839326462653134613337616134646638
35346538643637646166396531376364333235353037326334366233313766623030636462313036
38336166313761356263643266356435666666366536383032343165306534613832616363313436
66663336646533373165303231616465663066626239656531383465633330663435346339623630
35633038393936626139643235313463326362663836303433383430643537666465346239383534
65303664396265356637626230353731626165306632326163633361613166663362633265663233
31653738383862336339383639633565663964326531343139633663366232613463333133663430
61323339663433333766343635653534663531646431396432363437623237613939633063393531
31646163643934313836643761306265646463356232336639393064303537646266666162346237
39363230323765663830313433363130363933656138376361623366313639666134643939313063
63383039613365656638633335313031626536323066346164623164353038623334336133333335
326435383661316131313366666363666463
