$ANSIBLE_VAULT;1.1;AES256
66326564653966366363353537373265396132613738383636373839366330626261383163396432
6663643830343934633438636435633864616132633239350a333565646162663335623735363636
65646336343738646635363436353064323764373366656263343534306331393934373930323836
3633316365386330620a373032333833303136396334396230336138373666346235393837343766
65653336326335303461313534336465366261313238343633363562636538643035623236386466
36616164666338643637633932633166356537626135333530633032346536376337316261386566
39633561653334336237616332333061356632643361633733333263343563616466393233653330
62333832303138626464383663383331383931303239303738616136613036383162386566343630
65363030616266316664303763323362333064396531663030306138653164333437393130323262
34396533646338303330316633623962643931396662306230613536356633663930646366666531
38376638623638633532313332653564623636646433623532363137643630383137313236393839
35613766663131363730646338346336363466616632666632313565656239313731333632383938
32303263333362363266663061336333666132616165333466326136656338363564363961626238
66343564616538643738636332346231666265613036383133386530343336303633666632613836
31393766323361386134626130393639346463313235303931376437353430393963366337393865
33643630376236346166356664383465326338353438613339626138383861373436386566623939
39363830383965373233396438333230343561616464356132616665326439663862613162353037
35623036663335626439356333323933376531363432666263363263393763333966306161646561
65336330386366616563353964663039373561333862386635643139316431376462383061643832
62323236393762643264613630663538346233383331376365653636613930393161636663323561
61396230656438653632323435313237393861613338306431346563636237626231613531666235
30323564633737363034363038623662646566636132336434396331353935653631366263666134
61643564656135333739646334343631306333323536386132343330313964613762363435356462
35613839643864643831
