$ANSIBLE_VAULT;1.1;AES256
33613237646231373832343838386530353135623564646561633364343331666331653236633135
3064616439343934646366666630326230303935386262630a633937666364336531333838343063
30316432613933663461386261666663396334653133313135366365363836653434373962646639
6436386434363739640a633136356166336566636133623032636530336333306638383036636331
36363330323636633733333439643936646136363132616636353039363332616331663434666336
34356464376139396531643864356437613936353731396637343563306633616462343861303066
32626363313534636434333632623064363237633262353539653231383238323936343931653362
36366133363737303430343866396666666239616537666564613330616435663763333363363332
64653232626139333734386364323335373130396661313236376538613462373066623135323866
34346631313162303963326433623365363133303664623262383965633731626138383738663931
66646531326133613235663264386133363939303834373036666437313039373564343166633630
37326130353631633765623231623966366232366535343035343834303930373633323362383639
64383066326335623737643738363736343166613238306532346561363964306231363033323232
39316333643338313034323263633830663262633831396437386465333437336538366338306163
38383963366263323432646332356231653861383164303235653938613461353762363931323531
61363838663933353930663162616166393266383032303734373037653266633935303439383637
39323438393339663335346430373938346135303832356433643534323131646632613335613433
36623763303635366434363138336332633463323431393431366232613236316432323032646636
31623262306539323637636139366136336365363966636236346134383333316364326636363035
33333864653236343665306239653165323538303364623933663031663933353536393230653666
34333037653761356330323639336539393238366530626535353235383139643736613138366566
31326163643966626135333333626239356630376131326436613735663030353666376636643934
33393034386639393865353738623962353033666135336466323261306162656139613134376630
36363865633936396237643263663034356166656531616535396437383637383433633135366263
3063
