$ANSIBLE_VAULT;1.1;AES256
39336335326633396335373336613563663837316333623661366130333162343436643361396532
3134326336303966303862353463656131623631653761300a636339643364663131626433333866
34643766616331346264613533343930353437633163323035626263336561663332623137336562
3262333331306134660a666661643462353634333638623738366233626466633832633664326139
65356236643463356166616432626338343335666564666430663130333563616164386438356232
34633932623337633964353965656533386133626636383961316362613161323865343565356230
37393130666330623033353631376663386166393835653031323666316464323163623134356462
64323931336235666233333439666238653231616364663761616234633263663939323466363934
36376266333332383165303236636236393964623964623465643164303366333634393134613930
35366161633163393431326661363730336539383566633233626238393934353436623035633937
37653964646637303262636538636337623532356535353838393532333464613461396262396331
38353635666532653666636566346461323464316638306137656562333532323333313430303635
34636233303463313563303734386538316331353237383137326666323933303836663033643464
33393430323734306464323136346330373737663238353438383764313464363235663538366134
33353266356163663562616239316462356662393432393563363261613833316430653537356531
39356266653330343465333633626566633535643331393564306535616633666336656539393533
37333535353164333538313631363839663634366564366138616237616238393037376430623436
32373663383032306630313432343438633063633661383338313838303463643130363038656237
39643964393834303732633834343966383237363635356534386235373864306535643739343538
34373035343563376238643466623130666333643639363935663133653233393761393265376339
30373763643335633561333330633036613565643334643663613531306265643531623634356235
33316262663435613733623465656164646336386535316361306637303738323361646134613332
30653736363234313463666665663565333834326166633962376430363033356337356665386338
33353861356539333363383733363966346164376536386161336161366236383731353663303339
61383239626230363332653562653933323562333765613964383262653138656335643061323231
33623063306332333331313362633062316335323162613466663164666438323533303235666336
32363138616239656239333434306563373663303432376364366133313734343962376330306537
63656465643630633633306431643662336333646334336438346464366262303461373262623361
63623035393266616161326632383735666264633933396631623637643731313839666339663634
30366234623464383031616239343366396532616436323638633136666366653834613135376330
36313734663162633464356634393066663133623134393735613266376562643131663130623339
34326236306537303763663333343639303931346366333832343765356337666635373931383663
36366235323431666631363066623039343765653961636563303438663335343439346166383736
34323266376537393566396131656265626139623933623632386438393265303534356235363338
31306261306236656633613531646430656661383334643338366530396637393838666237313364
34313736613938363932653366346463343038616464366234396536326562336566353234663132
35396235373331393936326464343133656637613664643766633739656561373362386530363538
64663934633635333666376163333965393261393030326164613934626233356665386134393665
65366636333462656233396239363861303935303965643538663738333362326236366561393266
65336164663434396364623835346337373030636533373065626161613734333862376533653534
63636666643062373639656662303531326565633633666234653665663465616534393537666561
35626663343637633436626633653965383661343839326238383632656666613231636139313732
326163343661316536333135653339616530
