$ANSIBLE_VAULT;1.1;AES256
38336635366164613265393864663731383831386233353066373536623532623466343336353232
3330303330613239346333656266336334613362333262340a653136376136343739383133643439
63343762623036363736656262313265613836393466333339336563396163663963613466613462
6135356565393662630a376266303163333064653336626663656635353665303132626363303632
35353533613433366436653635383437333162656333363335356166353663666238376431356166
34363264373134636538323135366532623033366232653536306131636561303066326531343031
37386464343638656435363162646334346161336364393962313939646330303065303535323436
32613963333237353965623763646161306432393432666232373864326263336566326565636139
37303462333763326362303633613030353033626362326636343130336636316634623533666232
39383962663736363634653937656635333232313733353631323962636639666666623237323630
31326238613638366630373435623938653533663465316638376665386663303161383936646138
64653462303565383539366338306561346337346163343339333564666564396265613933656261
31353133623532613933393466366138363263633931313234663361313539313566623663643831
38636166333532623933343538316635353662633438313935656565303731373037343861383530
37316661336439386435653564306265643532373231386437653931313634613461653637353832
62636634336166643937383030323266616535633832316234333434303837356433333765393033
39663235643531656434393261303635613764333836326133346233313031333038666636366562
36313165626466353931343536303663653535373031353866343031633138336166383765366536
64646330633233343365383838626438623130383236393263313739333131363039376338363564
32383564353264643738363966383936376633346262666563303961396333353932303862383734
66343331363063393438633233363537336232346231663664623663656239393036326431363961
30636437323135323732316132623939386266393536366565363439623536386365643436306536
63653961363638303263303661336634323630616232623737616666343432643032323036623864
64326334633137613863316261323861633037363865636631323439326535386137383036346466
32643035653361383132386536646163366362643061346562646234666339646337623734303936
39626366633335326638653639666662336233313335613532313731336432353136373938326530
34323436323162633564383034663237313363306234303634626536376633656466333137363631
32383739313732323137396230373366633437306534393463306630623262616633363835333233
36386231313937653734386335656134363337663633616538333861333464646532366138363365
66666434626265313238313134393262653830613562663737366631303064373137353665336165
64633732353635373939613533373762626436653133306232633064656334616234383566323232
65663339376638396662326562346561313561316433613034623835383831326264303537393166
33663634633531626539613165336138373237373264343865616366623033636533336438666232
30326366336432303731633030633536373331323131313365663630343137633933333366363537
32343266623733353131353037626338336563393438303935656662626165373064643965353132
62326666626463356564396139343936363761646331623031303132343330363737376134353534
61623736373565343232636262353039343063616161663162626636633437323531333765656366
31643937623833383538316261623562363764306561653562363031373434643134393161333861
66373035326466316532333239303935343730343330306434373937366465316366613565353061
32333331353131633730323030613864396638363166336364663063656237633164633232663637
30643537393962623165666234383364303732623432316638663135343235363462623537396431
34666338666634313261613464383735306133376437356330326531366236626463613064656334
313765333538636161633236393434616239
