$ANSIBLE_VAULT;1.1;AES256
37383539653330636634366331663663633939346431373030373532626431353665356232376636
6139326564636439386265356465353233366362613431310a373331393461383939626662626666
63643836303534346335386531326635633635353064623936353736393237356636636331323934
6136326339643831380a333133363439326336666131356538383536643763376563666435353163
66363663633364663739323933313833373532626530663333633762363335626165343431366130
65363739656535316432643936623163303463626632633432323831346235326261663131613264
37643835626432613337396235373338336330356261633832333831383238306631623334363437
34353662386633663038666364626433613638346232353133643762633462306139376635613536
37333966353035633831346163363662336165306363346131653264336639666130663836346266
35373338323666633037333830623531396365323962353439313239343836373530393935386361
33316634633365626231646234623630323335363130613530363861353362613035613132313737
31643262653364363366653262356336313838616633663635623966653633623530643130653333
39373331363232623332663732386631653564663664653765643261353333353862666634316263
35613330636636373832326232363966646639646630646535663331616663616163363263353431
66363938313736356462633033663431393263653635646331356136376237393462656437383533
63623731326561366562323466633165613866613932616638343034633163373639376532376332
37393462346263303335326436393564646436656530326630393161636564346232313531643338
63313262396261323366653437313862653639383638643336666565666334626531373766626362
34356566663664626466336163376538663461333762363934316331663663653134656337313430
37373962336334356463633233626533336531336432393463643563636434353861616539623035
66376633333434663364373234663833323662363566663265303833383164323862366434373635
62666232336331353131623235303233613235376665376235666233303538333862336463663866
30633837663638616662616230343963373437356463343931366234356134376562316331393839
62326338353763646665306362663239666261313932386264666265363366306166393239646566
35326238353465613931346232373363646162623962376137343836363430386233626366663337
61666263303030343533313633636236333064616535366363626230663261383031396534303232
36333164656134333131333938356261346436646233303665643432636262336437356363616433
31636632393764343266633164306136386264656639333235316537666631336530646139356162
30656439313662393335343030386236646563356235643330323265356635356161643232303733
65313463613063346362646464633266366364613533613930386334656539313761383632363831
32343036626230656163643762643262663964633032663666353562646532303865663638343464
36643861623731616335343938663466373466626336306535386464613565323830363933333865
35663633333637646337313063613539653032633165336362336139313463663935333738666162
61613632313063636531366564353865623232326363663663316138633137333032386466613564
39343835373532643435336432646335623033373466666663323032333234303135303363623066
36353931323630613562316166316263643237616665356261633465303935633436623932313233
32643364653832663938613736386466323461653230656333366632373234373864613136363235
63663763323833303031323564393865663937653164366139366438666133353166396632336536
30353364323934353164663634626437313939353561656134306164616261363562343662303631
63646565613462336663313731313237626531356261613063386639613234356535643462633864
62343265666535303635393735623838366566396266636436373733386563356537323530613161
34383131643664373162373663396365323963343736633139326466623264363838336565333538
37643362323466626239303761353131393835303162653361316437633336336436343566373039
38343335326663666661
