$ANSIBLE_VAULT;1.1;AES256
65646330316565303563613465666139633338306233313966333836386661386338663765343035
3564323663333861323334663839666532373164333965330a366662646130643231646237626435
32623836383164333637313933383534656561663764333130393361323561386630393436656230
3164623735323437630a633131343334623937306132376334353832303861336235626165366335
62633439313636653030393263643232623833613366366331626165323033386331646232316631
61316137383336666533363561333430343336633437663463666565613465366164376631353133
63356334323533353564393339646535616234333733393236313764373838626332643966326465
36626434613538383939303163663736363139383036333836333133353534656436316665363033
61306437393430633863303730376338316665623465326437636130646431356533373066663030
32313438663562623237663530303236666462653936646131393537353138303463313063353661
66613236346630376661353137386232663465363264666364386338646137313933663230316332
32393561393039386665316662613565383636383335376366633731393337393238323335363265
63346435383037306432303863393662363035643439626362386532326232643064643261616561
65353338663537386436663233396537623334303565393733323735316530333030356561656563
38653766303265323333613830613864353639373861643638393833333164336436303761393338
64373138353263303264643864656232313931633635343135613466313939636362646633333832
37353635646136366630633034346338346465356439306534313130363737333236656232663866
63613532333236323561343531613838346365396436356237353066633938663365626233626565
33316138333762396431346366653435646332633739633331333533643930643464623631623533
35386339313030373531656330316130346361376432383334333534623365386531643762363939
64393238666437373964636166396138303235623665666265323239343565323133373937376332
34313764316634623964353532386263613235356435383232643961623466363035656131613833
33636136373763386437366132303463326237333333656633373335653666393638653135613961
66393338366263616530613639313166333562363432306163643461336430343665313638643465
33366634653433343930653137326232636236623762613732646161363964376463336461343562
38613564393235363637623332353063353162383733616463316632626565386663356463313134
39393539393965343264626636363365383666366330373239393636353136353230633566353639
64343961323161663566313464323965383734663738396130353133313435313932386366323335
64326436346133373462366366613263643038323865393564643538633262636364623765306432
65386237643564613566386234366536656532346566306338653063643231613438646636613062
65356134316530363037663031666635393365313736356336376465356135323037303466663234
39653763616130326665643539623537336462373865356662356536313930366636666139383036
37613238386235326333333934366133366533633261396535626234653638383964343265373534
33343831326464643334663336626664643164643434323738353930386665626266376365643634
39373962356565326466646533343832396638306361363535376434663531336338396661373139
30343432373332643238373766363462303863663435626164343738303465313033343039393165
38666435663664383637366631343230613366643762323731643764353535373036323364303030
30396461353937333661613663613262393664383932353666323435633061316462613666333734
30366466633361376561656466383830323863316564313138643830343464623963313639663666
30303666376362373562333731323264333731653133653635333464353636333465636263323539
30306633643238306337666364663331343834373939663939356363646637383630373833346231
37633335313033663866653261616230623762613665646435383466346433373135376463636234
33313139313632643266613033343634326364363233323532663137323462323666386133386330
30303366303238313631353936353636643364623439393962313162393434376334623764633431
66653034613437356136333864303964623566313662386361373234313166303430
