$ANSIBLE_VAULT;1.1;AES256
63663139363764366132616139333865613463366632353634616663396163383533376339356637
3866616437383431643165386262643839343738383732390a333862373339316335323465663531
38643463386234303338646461343863336565613930313163613432663365333662326336343438
3138373866376130640a613032326365373563333834323532663163643834656136626531646133
36616265613737626264303233626137656438323535353964626166393161306432356132313431
61303137636235663738303766316434613431313961636537643463623565353736323266626232
63303739626230623961393137333832613563653433313933333861613662666631333738393530
65363433393634613266616466633831363762333137396336656232643961613562366134316263
63353861323064383665373632343536623566613339313163343864636266386130323761356364
33613731613139366166623330643235323162393766383630396237623135323337653265336135
32313834626139393463653464663332356330333938346431333632653331313938313034373331
36666534616138323839633230363461363265326238373233396361373738613135393762653935
36333266343866633837343839306266666661663337376463376636613866653836653837383731
30663733356235313461616130633764616334643664613637626635623432333065353936613731
39333033666331303465623965316266396561383432383462383839373938336338663937383166
61616334356638303863353561613633336534396562353134323339613464386331386139313166
35313436663766386337363862363930386539363337666134646137346336343139663662323539
62626335616230333063303038643030313562313231366537643835396330353433393537326462
34626134626131663439323963333664346233636439363365666534656531346233386134613837
35343565333636316665623830313438636262313434323339386135326338653935393530323539
32336139333830326335333438326561633863366663353136636132333130346663363738373262
66393765653830393161336262313362343534623833343235393233376337666362343037373838
39303233386634633165633536353239343034333961386234366666356638346663346337373139
31663566346334383230393231323933376265373664313863326336643732643836323864633730
37666433353764643834326237363831663431313733653930396135636438643766343739646339
39663865633966636130643463373434663233333632313238663538346432353339366461323465
30633666346138663161393832393039316563393261646330306363353063303561336137323336
35383737323161653031343230323566366331653037663165353531633565316133636266666163
35663365383237356330316462333130343033306238633564356566653566636231356638646263
65386335386465326439653733333933666661633161326233343537613930376632636637393033
62623635643737666335323562353162396362363861613061353664613236373938396338633361
36326135313834616138323733343336396163373237643464336131313039633834656231643537
62663137313537306162303131373838653263303732373065376635396634393139633533316265
31623132326663366334383263663163646563396533366439313062353234623637646135643039
36663439633336366632396166376531313137343236373835613639363364313030343131336335
35396665303638613136613233373362316336623365393930323130366138316238333238316134
30653666663761323432323239613064303961656362343366646166666530646330383637313836
63353339393038333038356633656465643535323536343836373837616634323331376333383736
33323531313436643937373838633935353263646235333035653666343466343434383064363361
66653934613130386461343237396131366639366236376336343465643662646632323861623136
35636664653035336233633765366663663863663761666230656264376666613962383136306464
30353562343761623734636461323434636335633565346634316339323634636466363530353261
35363836643538363261343761666332633731323437643334633166656233373430623865326461
33386432643461363534
