$ANSIBLE_VAULT;1.1;AES256
34656234306437643966396534383664383936663532353838363334363537316535633863633932
6665303862383261353236643139316537633366643034650a613238373333336234313761363837
63663333386634336662353935336263613338626530333435396639373166386639323839373533
6335636633336164610a396139353438383836386666613032366262353465643933316638343261
66623666396164663864353936653439303362353631623432303363303137383239376465383032
64353539373934396261373037613535666433663339643066616632316136663935393164333834
64636432393161383432373530663437336636353039346433643038383435363334643461653735
31303730303365343134636239386463323631386337376664303661333631336137663133366532
65313565653139633233346163653936326433323738303661306239386661373330613561316134
65643437643165643262356233396163373864633137363864313363643464376138303462633637
33343534613539393534363531633862616531333636646565626562383333346666396439666235
64306230643336623362613637303261326132623833353265363266386233356333383637616336
34623662313363633061323462303365326539356336343564333462626136646531386163623334
34353135336262653033613030386665313135333839383031383230663131656338613137373031
36343465373465666339633432613061306234353239653639386430613362316634346361643163
32363039396333386163376363333632393638333365356165633436643431663339306639323732
37666130653564613937386561626565393438636165666539376364623764653633306261343837
65316138633531343735366233393236356536313839306533326433636239623236616133643238
63306532636133313065653830316532663831653739373465646138663935313236623137373636
63333739383739643131316335613934393265623935646632343831616438643963613534383431
35363966316139306238376362663738666533393066383063643638646266396665643964663365
63343366636535393132646136333866656231633238326231386437396137623038353961663731
34303936623766336230653962643732326533666330646666653836346533313764623438316661
35623537383131663564616462383035346339353330623632643162373533633064363261666633
3763
