$ANSIBLE_VAULT;1.1;AES256
66623931346563636634373462663762656566393563333462373430656237353930373635396539
6335316261316661333262336338323830326530383464320a306138306366663530383865336235
63303561356430336566396239353330393463623731306531326234383333623666306130393934
6561623938373136380a613738623264313366633637663766343536613538366164366433663134
34626633353664396666323433303165633136313064636435666535363232316430313565653365
36316366393731383034303639323865633262643733323135303834343739663738316364326665
30653962333830383262663364323965316263323466656561353865353838333038376665353861
38383636316339646664376234366233613838333631316239353735376536653939653764383765
65613839393838316164313737626565363562353037356439643339623930316634656538646461
62336536616362666364383162346337333664333231353231373938646432323363366638656466
65636664636138303132636662643031653836316333333165313437663934356332663966653464
38656334613961363537303363613038383537643938363133373631333163326666343537663261
30366362613561383532633936383464633438356535653133353935626664303430376363363330
33363432666561303839343366633263613234633262613531623766636631653861633132323133
39653966376462323166663261353338633434393166646636636132613162356564303263373136
30353337623835653132656133333961363034333439383336396538666465303566656264323631
65323339656137653937646131383964636366366430303439653365373738323638663338663434
61333434313032643162623134343264313432653033303231626335623139336565393035623465
37376562396665346561396363663066303337666633333861633361343833343462353266623936
65366562356464323865353637656337356537383666333530353063623164386633623563326161
31656366346461616239663533376561663738666632613361386466356535666633343662383263
34343034353263633130336363343738653836643464323237636564346465653031616361303235
35633163393261653566353334343333346364653032306637373966383039646135383336383762
66663335303563323331
