$ANSIBLE_VAULT;1.1;AES256
65323733383430393162663134613062373331646332373530363037323461313331346233306334
6463313034373530643332336162326564316239653634620a356561323832336537373933623166
65623463316166353131653837626438306331366135626338623165363939333139336463303536
3633393433303664360a363930633565353933643463343166663266346534663435356433626461
63663834373966653436353531383136336265613762326536376261313531373464353035326633
34326336363362653133326463653965303039636637633732633439363136623632616664343236
34376134396261356666303538323134356239316635306635653962626464653536613135646234
65633366393162626231323934633463396330643664316431613530656661366634363637303537
30626532653736646237643833303837326239346565646236376633306630383236613432643633
38333831313936303835333034323132386434633934336465626566333434613835313235353263
66323432313039323233663965306332393966643766393435383834666632613431306562646432
36646438326131313161323536306531323664343162623262376664383862323034313932356230
39663538356238356565396434333062346262313761393238623131653465656535636564393335
32343163373161363962363763613630613966396665653930393766623263386636333731656436
62326436616536326632636362383565313330373665313861323436316438623661653837316362
33346537363163333336306139313132323536626161653438623638396163386266616135653064
39333430363632373764383238663137333435616164663734303732653565623239333834343264
38623733623637663337653932323538356231653132636265356436623139306631313934333736
32356331373163623362663465363362396361343130653130396264646561316464633766626134
33303364396634653233323662623830346561326337386661666162353330363332613665313437
61343930613333383137383466633330316339373865393661613637336664333766386138623739
62363564626638376338323561313430336461323937373465613232376162313538663032363965
32383531613661376536663962396337393830353333663863333836613634313365376166303764
63343632643564316530333930333433663439343331353032653436646666643765363136336134
32643564643034653765643465396564383638333232396630343965353264336239326537656230
63376533626234666364313261363564356534376264303432363637353530316532323461663933
61343435373163386366393063323333616366663365623761333636623830316630356431646334
65626630643933313661663037313631323232383333303933303837623235313233363632643037
30396264666131646635616138303934313731616661343965653139303538663638343233346432
39653030386564363539306663373964303165663637643135356563363465326631366436313334
34306464636464643931653337646231613931653866313237386237383266343739316562653165
31343835396362653533323233306537393765343338336333613665396331313633653436306635
62616566363639383332653361313365396532646534396464663564353136646630643535343633
33396137626432366638303031383064663237656361343161353930336364663766393863346562
38366433663837313031343266393765343663383932613262633036653665343939663831323130
32646133333262623661316538613639363831316562636338346533316366653033616636656661
33663534306333333435633039373534646330636436333630333137396235346533333531396136
66316636303234353364393739383938336336346238363666383030636363303938303833636461
66313539373565363961306534643833653137623562363733373665626330393732323034613362
64653362393735653164386634336639313162353263393533326436613933633539343737353436
37313564373166383538323231386266373631303966376535633564666438303831313637663364
36356339636235316431316331373230656434303462636661316539383934336161613630386131
353865323634623136636664356365626133
