$ANSIBLE_VAULT;1.1;AES256
32303064366234643537336432626438653337666235373632626335326261343861396235353232
3033386336353033633637323765356636336534613164380a653633393161626562306132336538
31663166373135633536663264313663353032363636663235376636623862373764396132626233
6265373462353330390a343432663334303635346234343962336330646561653936643832613036
66346234623733646138346432323539643731306339666432626362356136336261333537643364
36613030646561653935383661333234303232643161333137643263356265646230303530306236
34363137393732316362393639343738643062656338306338323866643338643938303961376135
38383061393339623930386139376234323032663965303339393661613830646435653966633566
36656165333532383465313563346233653636636462343261306136643963633765623561386139
61346432393030353962323863333261623363313631386231393532323565323137326238383239
65343734323731333138313064646439343039333862663630336265663636313864633830636162
38346463363663613163616631646164666131393239643630633261323633616337626230333533
63323833613030353164343331336537346130326464386133346463613135393732326462303065
34323035343033396166383035336633663630643736393261363563386365626661376435613531
36356538666463353534313432356433646266613866383036343934613932366137653265653339
31353535373666346634306661343333376334666434333131333831386137336135643731633266
35353733346562333165323535663035656131636236663964633464316634353264616663303061
63326364323833373166393833646133643934623232373063643036346432326535643838623366
66323438346165313736333166333566313330303338656263356236336135363435363330663336
66353338393731313635333466356433306330383434323364393763303362396261393731656536
31343939643634653865656565353061663530636531323939333936653335303938646138343262
64323564393833326563346433326465383165663232353534353433633866636432373239633530
31636363363963313432643461333438306639613437633537323833356462626433303062346633
35653739316465353762346238383036363666353732383833373634333434646537346461326561
31663739323431646465616234643730366139316230386537656562306664303465366364663136
37616165366662353736623739666264366562363630333133333831623637363161393936653963
31353631303337356566373030356363663933653439303434336465363166633137646131363235
38646232663631623231356438316234303639333737623239616334346236623862313331383237
63366532363931663636346332623663383034343739343464383262373934383565313034336534
31373639623530383561383033633366326436646433633666656334366335393039663330303130
65303638613835663265316465636161366530333531306138383636623037346339383063393235
32343062306233653761383139623335623236303037333835326433626663323933326563353831
36303935336333323034356638636331616131643835663766383861373637363262333034616533
33663533343837326139383661383339313561616238616133633135623864373737336330353738
33353633393233626630623035653735616531356161616464393931373065633264653763303266
66653466653663333437663436616433306438663230353735643832386131333362353737376466
31396133346564336638303837313732393063393734626233653534313163623663633032393065
30376338363966383134383863366463633231313836386463636563313065633761343263303238
35653038343939313636393338626261656131386134613761366339616435346662633562353637
61646330323265343936616236376137656630363533393261323463656161353735393165643437
63393136306365333366343530656234333837643531303661326634366461313136333865303361
61336464643136663132663935323633366536383665343032353935616265336463363936313935
373833373830353432653839646163333837
