$ANSIBLE_VAULT;1.1;AES256
35303939303162646164626430326166663465306238643538646137376437623834646132373463
3066353361656265336564343038306161386437353533370a656630363162633163356239633235
64336237373961373933643030383866386638313062613531386463303832616463316233656233
6330313564653062630a383665653865666434663262643231373236363333396465653330393064
65623761363864656132323234313931383932313637633736303533653234613532373564383839
66316333653562623533343966386333613237613539626632613661336561393961626463633766
34653734623538386431373330613461636534313530386337396333303434666235343564393138
33623631333862636236343266373234353965376665313330366166306135666164386533643439
32626133373235333363653434373566666333666636663961623666636431336664643965636136
64353762653161396233393466643565666462313663353936323562366532356139393432383466
37373934646562313766626237366631313337336538633664343536393162383864343064326232
33653839393133363737656532653235643962343063623735386566633830643065346630396132
63613665643936386565363133653038333731343530666566373765623732303636656361333430
36376336383466643466396533306365633462383737353636626466653265323063353532663465
38396366613239643139336531343436303330646634616661323433613664656233616136353431
65386364356538383630613064343164323136356631636235623863666331633936313530373433
34313332363262393535636464623436633836336362373736386630303763353365383332303931
36356639653163623861303365636464383634303965323136363032333139663563633761386634
63346538306561626637306336623262623439393836643465383266383362363362383035323663
66613861343563303531316363393763313662303933626134613561333763373063343538333038
62666364633836373266666261333633323534633738333739636564623839323364626465653830
39643261343930323666306665363434383361633130393762303261303335336261643436366261
30663036356466383830626365653237373465346333383431396365303038343133326533376561
63346535666165343439
