$ANSIBLE_VAULT;1.1;AES256
36343430356437663539353139613033336230373832326535303132653665346235396361343939
3933323637366266333131316530376538373562333932620a353931346337313264613638366134
62623439393562623433343438666561613464663861363437636165303630353432346666623364
6439616166613562300a653861633434663438333862633261663937353032366261376163396539
31666439323537396665306232326638393134633936383230346536633038643033613266633231
38626131636133666561393066623830633765626331643739653363323161653262316530643135
66663265303235623438336265343635616532373232363661346534653166663930303764316638
61386634613930643734393939353833316536366237336566363665643966626164353735313766
35323836353037306162383362643130326364383230333663663838303963636538656364393539
35363532376638386437623763663632336166633236383438346131656131333061313666323263
39313465636137663062643431363337353839303237616130353730633131383436313963316131
62303965336461633864326664306361646535643834326663393537336234653632613830393130
36613430393365326564396666636235333466623839643330373238376335613939633133623537
37626264313565363139666231616537633131303365363262383039643861636165343233383334
38666261623230313531666630303930333864386331303161323761356262346535333436666435
37636165356261316364626139653635363239653938313364363965663531376234616332626438
32663237633130383036663638363566373664396666646165646634623235663433366432656434
37363965623162303834356436623466373332613461353662383934663730366365386165336336
62613033653737633238663462393139623130373133363138633633323339383133393434626236
39656265663830333439303435343831393336396236356161653664323931613365653836356334
37323634643634333936393730656532646636386166646336373966303963656435666137386335
35663763346566616437333465383933356232363338653266346230643236393361663932613664
34373066623531653761326330373138356632323831353963393137353866383738633665313836
61373262656335376464
