$ANSIBLE_VAULT;1.1;AES256
39323538313734306162623438376635333235376138623339323865613464646533316133333836
3761613936656631636463313931663962633364646261300a383833393239623835386432386166
30373432353231336633316161393761323661343033343330343737613632333633653535393334
6562353434643234610a376138333632633339623336656237343135316639373337613366343437
33343337386462393334306437366463326539666664366165303638366265343261313738646464
65643063386139613232623165613735653763353032323336646332646461653630666662653564
66306337653136616531333763396564376533643262316332393765633963653430656132353961
33303035346632306635333439363564646166663164666461333038613632633062356336653065
62633432353430363062346331393838633635656434656661626232336639393136353365383635
30346366616432343136663264326661653838376264353333303037303033373632363366386434
66386531663966306466363636346337616164613165663132373432383935343234396166393964
32306361376162353038323230646331373262646662323333663337613037373632303034373264
39373866396534353561343538626430376230633961386233623561343165396531666233363537
37323366313161643364653566613630646332663361313930363265353831353565633564323930
31346637383238653030383237316530663365366466313830346534326334383263646165393762
65636339323338323062623334393933646166636136353931646461313830653263346466626436
38653934373366336538386231396531643431303436303836316636386336306633376561636236
61373233643561343262613637386235313033323936363361343663646339633065636662663039
31313036636663343965366666363663356234316339326166346432343366323761633863396466
37636364316139646636373566316139653736623366303266613263396233376661656433653933
37616139653063643437303037333038306161396134353836313364653261323138636336666364
33323337633463323265636634303165353364363636306166303665353263356537623937633532
62623937353261326334396566386337383237343538656237623363333231373531653735623163
30323766646134343563613930646433306135336531346564383530323332343465666434383035
30373235343335363934316464396537636136366264643133346165393838323265616635353661
30396231333562373932636163396133376466663831356532643339396534303731326263643833
62643632653063356332383830636264376461396162333335633131663431396135613463306131
64363733363337613331373938313965373863356335646130613865353762643932333031613866
61316432363932366631326438343035353437356665646434666162623365653565373833653163
32316335633536663934333863663563656637616165393038666636323932363761343232616466
37333030343039313665323233326630326436316539636133323938396566633837396535336230
32373134623264383363393837393838396239333565366464343832353766303761653533623631
36333735376561626432356433623033663364653533323166623436373461303736376430646232
33656232383738366666613635346332356364336230626337346533313537313034316136383661
31656635353538653639303063626463633634386461616664616434663665666537343738376364
38326466323637383138383137353161383065303939353733616666396631656238343637616163
30373930636635613137336134346237623766663039396130336530663239353065316563633131
63616639303432656461656465333537333530313233616634393636633436376563623738393634
61333439633730313233656536323566623966623561616438373966626465306436396238353332
62396638393531663662306238623536366461633132623765663031636366626535323661613261
66376432663163353962346165333561396265393734643163333130643139343935
